114	OK	508	-
097	OK	1074	-
